PY-1.7.18
--------------------
-73.162820463044
0.9999999999999998
-9.99e+302
--------------------tnobslocal
T 
0.22214704440858596 0.22216073645239412 0.22189324014293843 0.22231009629281412 0.2225534873208883 0.22193232715316125 0.2249909559799502 0.213057995639002 0.21272537459842733 0.22467454470161582 0.22184170583164933 0.2224324184796693 0.22228991387574618 0.22190815442299996 0.2221666998468227 0.22212859903298493
0.020080631692554477 0.7577892355954805 0.020000997307297104 0.7574709142733898 0.02016916133773045 0.7579289399623463 0.02074025004612924 0.7728651254026719 0.014004657457836595 0.7546587213138609 0.020177789167575018 0.7573668200611002 0.020210615268244976 0.7580704223274154 0.020060571080254677 0.7577932908410208
0.0896150271051084 0.0896275888864289 0.08951670744799416 0.08952581487040863 0.08957635047533026 0.08949884415799733 0.09081089761259234 0.08575361724010418 0.08561711501210567 0.09066189633783202 0.08947339146612827 0.08955634296368548 0.08951944306245327 0.08952380898912006 0.08962529367332284 0.08960532190631054
0.08962523459349794 0.08962994317936136 0.0894057364410973 0.08964589329967333 0.08950623663697865 0.08949145167898712 0.0921305634853618 0.07937667099488024 0.09185942827668271 0.08946436439901208 0.08948024599472959 0.08963243993274556 0.08940481796563242 0.0896428000126111 0.08960370583993457 0.08960693797268686
0.08960481961671884 0.08962523459349644 0.08962767845489099 0.08940573644114394 0.08964646431368187 0.08950623663700755 0.08949123173982285 0.09213056348532811 0.07937480174752864 0.09185942827665196 0.08946653693752696 0.0894802459946254 0.08963406815927413 0.089404817965629 0.08964688150671112 0.08960370583993424
--------------------tnobscorr
T 
--------------------tndistance2pure
T 
--------------------tnstate2file
T 
GS_state.pklttn
--------------------tnobstensprod
T 
--------------------tnobsweightedsum
T 
--------------------tnobsfinalmeas
T 
0
--------------------tnobsprobabilities
T 
--------------------tnobsbondentropy
T 
1
9
0, 7, 0.7409875058075397
0, 1, 0.8061091829685202
2, 3, 0.8054722503122645
4, 5, 0.8069248059559421
6, 7, 0.7423855327954957
8, 9, 0.7419907875028712
10, 11, 0.8064771282818908
12, 13, 0.8055446409414713
14, 15, 0.8062631091674187
--------------------tnobstzerocorr
F 
--------------------tnobscorr4
T 
--------------------tnobscustom
T 
--------------------tnobsmpo
T 
--------------------lognegativity
F 
{"is_measured": true, "measurements": {}}