9.552686973786146396e-01
4.246341571636452761e-02
2.205741650869212471e-03
5.766280829059813379e-05
4.384018983297398153e-06
9.485606442568309760e-08
3.456661222180806667e-09
1.120060171218370521e-10
2.057605870225426864e-12
8.788764323182166426e-14
1.889900299659962048e-15
3.808264165286140084e-16
1.108879307091773047e-16
4.662625137608079968e-17
2.592330295114083813e-17
1.898249609094609525e-17
1.275792199666147032e-17
4.090152412317624364e-18
7.205349960840841579e-19
3.477894347220250656e-19
1.556903583901143629e-19
1.092978750344641387e-20
3.662287596918552964e-21
2.684092858775330270e-21
1.123610292421393026e-21
4.217771363817975925e-22
1.671207633857306522e-22
3.358835250165917871e-23
9.538015423479848296e-24
4.645675560503258454e-24
3.161362471531592907e-24
9.374796178251059775e-25
-3.485884398466943269e-24
-2.058497208572917774e-23
-9.977664530127884672e-22
-3.982375400839481519e-21
-2.796805370243570195e-20
-1.434961406621887237e-19
-2.371819578470710651e-18
-3.055183804002720465e-18
-1.102172448699186398e-17
-1.596959690307230164e-17
-2.963464631505841463e-17
-4.161945474974186958e-17
