-2.348368089119814376e-03 -3.341151723676637382e-03 4.934631224552552854e-03 -7.789216698722308159e-03 1.726226890934839248e-02 4.143197175291140483e-02 1.738118679311053683e-01 6.476133116044315019e-02 -4.091976607929239534e-02 -2.160424605480517624e-01 2.981606796119856684e-01 4.519307132915595937e-01 7.124052191443180915e-02 1.947389031570032070e-02
6.567878935801043511e-03 8.786712001907434622e-03 -1.182117988428940496e-02 1.794537756823731331e-02 -1.953646935981998706e-02 -9.156246820081313798e-02 9.409819756003642843e-02 6.873988054241925161e-01 -3.094790841956306382e-01 -8.176308212394918506e-02 1.005982801758553563e-01 1.504226264266774749e-01 -4.942517330800813569e-02 -3.725168985486145695e-02
3.901341177799307405e-03 5.020599752947398596e-03 -5.857997182246558326e-03 1.130086236894694944e-02 1.690037798243470418e-02 -9.276262586714530134e-02 4.052769056781427848e-01 2.109792400672128865e-01 8.756161877859729159e-02 2.684635501275475008e-03 2.015092075529174853e-02 5.369487425085794213e-02 2.108604544450927709e-01 1.138123294441142769e-01
1.256558319538465807e-02 1.706650146089185721e-02 -2.160702854815168064e-02 4.428926044659623612e-02 1.029130875198826928e-02 -3.252736021059728921e-01 2.716733707472497872e-01 1.449569376676727583e-01 3.018526614507346939e-01 6.532172154974251466e-03 1.649153240816370394e-02 4.611117109264017966e-02 2.111553965628274743e-01 1.176943501407291398e-01
5.223325577054723466e-03 7.549247313545462412e-03 -5.102974556220113075e-03 4.232158146951441741e-02 1.112430267393337002e-01 -3.949987929607138293e-01 3.157845487808448870e-01 3.888290330514901361e-02 1.653691895068928330e-01 6.565903647780665930e-02 -8.812958695764537553e-02 -1.265184580158348060e-01 1.221312552002138362e-02 1.384535884596750643e-02
-1.944553774189991752e-03 -1.026859682083410994e-03 1.511399185655857777e-02 5.864406225215942209e-02 2.394140723741838006e-01 -4.355775165189687548e-01 1.373003810024192306e-01 2.955309178948946000e-02 -6.446700733774202163e-02 1.016708132227619882e-01 -1.611902763412668693e-01 -2.561393172964830933e-01 -1.937914837449232763e-01 -9.811360167242653973e-02
-3.790683211244641124e-03 -8.183185992504003400e-04 3.337021693300987191e-02 1.132750709323510629e-01 3.531787529127801140e-01 -3.977376473592505457e-01 -1.761069064458564981e-01 -1.676038300730841313e-01 7.911612600682469201e-03 -1.403670386391036307e-01 1.786447137706396737e-01 2.505108256343446804e-01 -1.044141456029835102e-01 -6.840522138257462692e-02
-1.951265372357331024e-02 -1.624588306870842699e-02 9.132751741180959726e-02 1.516247019215955227e-01 5.056840273581034717e-01 1.999925302669570970e-02 1.048289130242083117e-01 -4.057554761706713142e-01 -9.481356811415193875e-02 -2.352767933146907020e-02 3.808164103647162374e-02 5.651201803404167640e-02 3.944127583365993062e-02 1.686698896076132409e-02
4.816305179410979020e-03 3.007596459967252708e-02 8.880538445726290919e-02 3.210167676008610083e-01 3.577055818406424947e-01 -6.912759132810543036e-03 -3.986588809121185961e-01 2.585593282042121799e-01 -1.106827444006681649e-01 -9.768934431044920194e-03 1.953782417338193259e-02 2.921675685039766199e-02 4.043642268925051741e-02 2.265147049342750019e-02
-8.983791721637247873e-03 3.571448546353595682e-02 1.771446085320486363e-01 3.665967447844080684e-01 2.770118993237454807e-01 3.977855257900558827e-01 2.588581050894814828e-01 1.735151424989311852e-01 -2.364728525826570449e-01 5.572542160811418815e-02 -7.457088088294687445e-02 -9.998902784362374840e-02 3.598373814248884833e-02 2.284744782041529809e-02
1.224831173063658379e-02 1.072611422337341885e-01 2.072395681596609363e-01 4.646015853922484951e-01 -9.437223989429835425e-02 4.598283777790836135e-02 -2.297322065519853129e-01 1.608581509373147311e-01 3.294908873772964819e-01 9.202750676838494792e-02 -1.119471057889550314e-01 -1.564622685504199195e-01 9.541834348921252040e-02 6.419860868548815658e-02
-2.576245589719362503e-02 1.216162504738032696e-01 3.401582584930193942e-01 3.113570631035150194e-01 -1.855803411518471280e-01 1.638455570184109145e-01 3.585023305822959694e-01 -2.465047938510469827e-01 1.551238893234176686e-01 -1.043014768808835230e-01 1.363801419606537613e-01 2.066177146785727892e-01 -1.461065104388498820e-02 -1.659485174270397545e-02
-3.686194909060709624e-02 2.013125756321959836e-01 3.747855521003645718e-01 1.653364411131907075e-01 -3.386662989795984902e-01 -2.846726711551106348e-01 -2.621216035057251093e-01 2.317279114391421202e-02 1.432838201500721276e-01 -3.804828710789825291e-02 4.425229924901394329e-02 5.204661708093311773e-02 -8.197664362212750411e-02 -4.994176960814297045e-02
-9.805855580837798124e-02 2.391408005101371137e-01 4.190959434760711533e-01 -1.385095370926178737e-01 -1.090503394333960652e-01 -4.466711361204839942e-02 2.194470060272032119e-01 -9.439525086975299184e-02 -3.210170364663673670e-01 8.856154556240723730e-02 -1.359423247310820593e-01 -2.164296578990565212e-01 -1.378194087182521010e-01 -7.294220242021987044e-02
-1.301083034127792915e-01 3.325598868199937663e-01 2.919815753853237106e-01 -2.702737094031332221e-01 3.066324535042701596e-02 -1.058615278650057306e-01 -1.040873751617274745e-01 3.650904954368985877e-02 -1.712572497816073902e-01 -1.044881415557839255e-01 1.456948086694593303e-01 2.155580256094901392e-01 3.054408080631727113e-02 1.096640988311509135e-02
-1.811614900802719919e-01 3.922785518309213626e-01 9.314185851053204124e-02 -2.805429674651596650e-01 1.793698525275645161e-01 4.867029043690208195e-02 -4.702625692050430017e-02 7.012391106240822847e-02 -3.421901240367977715e-02 8.704035063750663326e-02 -1.029142784942015804e-01 -1.419651856941846479e-01 1.164982802750251650e-01 7.274066225627348614e-02
-2.456617441294086102e-01 3.935192885000231566e-01 -1.320687999880262864e-01 -1.356309990166031376e-01 1.796657574467893925e-01 1.159323256766682519e-01 -1.953580800723099531e-02 1.331824447021899907e-02 2.066033328155791049e-01 1.490360512412397011e-02 -7.539088389354338914e-03 3.681873717037269407e-03 1.136629285553860669e-01 6.742016437834646991e-02
-3.286387712517436221e-01 2.973499271468413863e-01 -2.779646556369415045e-01 6.170036073233801932e-02 6.259089625804491186e-02 8.203648454362980069e-02 4.027785731303702146e-04 1.401902319803643819e-02 2.304904639403970168e-01 -3.728742713463751440e-02 4.473343546844003871e-02 6.881419263794048835e-02 -3.074391334545924920e-02 -1.878383611675479847e-02
-4.149150889600716763e-01 1.062091387297353084e-01 -2.713255441183305972e-01 1.839605340812426881e-01 -6.447705763338613949e-02 1.723697126187889034e-02 5.698104073939105202e-02 2.064154312048871454e-02 3.182239019342775199e-02 -2.680057988858117538e-02 1.455724766199182653e-02 7.853524496873404148e-03 -1.703263040475206658e-01 -9.743161585317329509e-02
-4.641039271919654152e-01 -1.178286312890091253e-01 -1.271473758831390688e-01 1.728954371963033199e-01 -1.236307662237499938e-01 -5.288019583105453558e-02 4.607529019087643063e-02 -5.686693322740915199e-03 -1.231678650601110980e-01 1.082562672094177642e-02 -3.168245645705093649e-02 -6.555132351297092430e-02 -1.546777103232504225e-01 -8.525402610565971373e-02
-4.407296895398377656e-01 -2.922112859140175156e-01 7.584506820583718223e-02 4.492068001800345045e-02 -7.388996263667484132e-02 -5.612036558121068219e-02 1.195840382876699713e-02 -2.470841208946376530e-02 -1.217744026854476053e-01 -8.990166025178996864e-03 1.145435605723289611e-02 7.587615948277166671e-03 -3.049788529530389480e-02 -1.308338341321382825e-02
-3.321188014987409565e-01 -3.485801799047680283e-01 2.289918440312375958e-01 -1.088994374335353621e-01 3.607929056525752132e-02 -8.366962011528009807e-03 -5.024148350598506979e-02 2.775130419580187913e-02 4.358912627721341082e-02 -2.987545517313640580e-03 1.219344917919698741e-02 2.054654266821408920e-02 5.119320088029543497e-02 3.905599204558674736e-02
-1.682138952754787531e-01 -2.790136792127858034e-01 2.676777602448602855e-01 -2.037395365890140031e-01 1.411737684917707958e-01 8.545384670490731305e-02 -3.209860824227449977e-02 1.011252613680845291e-01 2.219187870556501296e-01 -8.353616529099645513e-03 7.200259271399942970e-03 1.697292918890062896e-02 -1.798751544869033742e-02 4.601684975660491617e-03
-2.391848822812473775e-03 -1.285779320322427699e-01 1.884317626671824231e-01 -1.910075379170694254e-01 1.697125679192231229e-01 1.420377703514807410e-01 1.809812004526993590e-02 1.396573680826090347e-01 3.101886632092462626e-01 -2.000786606422738992e-02 -1.475981446329565228e-03 -3.485649260540485406e-03 -1.897631589154709919e-01 -9.329276932087765539e-02
1.101047323030727026e-01 2.499338709907291886e-02 5.123003885106998390e-02 -9.450247156962264528e-02 1.130428881550821496e-01 1.257498145243187704e-01 6.212197062973338207e-02 1.175611969403502904e-01 2.407329821678609871e-01 -3.443772820854986566e-02 2.839626536278537896e-04 -1.378841726969976499e-02 -3.290889662101147417e-01 -1.789542524173139415e-01
1.414105765200295850e-01 1.161987381297697880e-01 -6.566931078418565548e-02 1.905348456125314019e-02 1.585197230486035461e-02 5.274952079503821695e-02 7.081948372638499634e-02 4.401134578846865875e-02 6.257156780982814359e-02 -4.013306341956424800e-02 1.175102419786750070e-02 -4.334768690791010459e-03 -3.163760639328625501e-01 -1.803310793553703772e-01
1.027487832623789898e-01 1.233058582952094862e-01 -1.123814046501977054e-01 8.811562268087021199e-02 -6.239182133285264137e-02 -3.033423596803993399e-02 3.712998653561383477e-02 -3.669070076818921333e-02 -1.062043586290797315e-01 -2.591089618261348260e-02 1.649113640091198763e-02 7.507020423385203298e-03 -1.451488438874211917e-01 -8.765771762215845975e-02
3.298158127687558089e-02 6.999878381196605881e-02 -8.756816843199004274e-02 8.980327967305479220e-02 -8.486506561772509671e-02 -7.619488568740899470e-02 -1.211287456667781495e-02 -7.887108039704493478e-02 -1.744064550095160704e-01 -1.288749833770813571e-04 9.715911113043085995e-03 1.334365125817148570e-02 7.549368396626007782e-02 3.851890574537983336e-02
-2.553928407297482647e-02 2.661559274125827046e-03 -2.746053608582293276e-02 4.422109369580558280e-02 -5.535663945664674734e-02 -6.869049898161613821e-02 -4.368772246664554687e-02 -6.803182726981561734e-02 -1.281360373898496885e-01 2.194073011104330506e-02 -4.622555700916456366e-03 1.052559254183060844e-02 2.142078767094312830e-01 1.185603007678345533e-01
-4.874219598126761782e-02 -3.985090315838877434e-02 2.426356021413863043e-02 -8.454975011438971289e-03 -6.025792967461838373e-03 -2.614183625397781957e-02 -4.120610444090831020e-02 -2.429549353982497426e-02 -2.546882272633358563e-02 3.302792114192323186e-02 -2.133517105892933016e-02 -4.857444070036132967e-03 2.112840452435523764e-01 1.117169200833806053e-01
-3.788894006563454930e-02 -4.445240930881381308e-02 4.267008369956921260e-02 -3.652441323164764414e-02 2.868020989124053788e-02 1.624190164362978445e-02 -1.602164197290545725e-02 1.857912606270238284e-02 5.781020732237360238e-02 2.817856372606237017e-02 -2.506421644485468461e-02 -1.885046279538503747e-02 1.060468437619020432e-01 4.146502791530894128e-02
-1.149013146791695410e-02 -2.308552415641656683e-02 3.007815759955576734e-02 -3.314716734905279183e-02 3.416916413584601686e-02 3.463580625567860838e-02 1.115867910615281691e-02 3.616376323152882544e-02 7.798474064960426999e-02 1.119803902551430932e-02 -9.633744729302087112e-03 -2.228386894277541858e-02 -1.619166169614949871e-02 -2.671334228359143609e-02
1.029361766177908956e-02 2.376044548182850574e-03 5.467070959769898195e-03 -1.196948905695050490e-02 1.767509023349687555e-02 2.613024191481980868e-02 2.250828553136377530e-02 2.641217154739535292e-02 4.451318199276294713e-02 -1.058019475780199586e-02 1.798735656103088790e-02 -1.257319061901453899e-02 -9.985583750243433310e-02 -4.473862769785952320e-02
1.723510371673317096e-02 1.586257248613760426e-02 -1.219163959975351832e-02 7.719356917118209635e-03 -2.837945921785052939e-03 5.247495556777822222e-03 1.598111932324218498e-02 4.515948041386276014e-03 -3.309362841959972382e-03 -2.750543070109673707e-02 3.675920892057639444e-02 7.377063684142031764e-03 -1.321458283010337187e-01 -9.230749361279114162e-03
1.134475630207637357e-02 1.436266090067301812e-02 -1.522156725044611705e-02 1.468939674586235318e-02 -1.342761906528410105e-02 -1.081870885499686477e-02 1.723222271112300526e-03 -1.194639716993176060e-02 -3.058734696841648726e-02 -3.011294149559963149e-02 2.341004757803019296e-02 3.024887087721113074e-02 -1.145421485224609737e-01 4.404171740896301035e-02
1.293030179693066984e-03 4.916788927229418307e-03 -7.755748908122697509e-03 9.793370234414899844e-03 -1.149090923483651536e-02 -1.402434196437184026e-02 -8.569866029623908130e-03 -1.474394728896353222e-02 -2.783019903835603701e-02 -1.543952495731719214e-02 -1.799445362008003646e-02 4.684953075843763248e-02 -6.512513420670645869e-02 5.940770591860829175e-03
-5.191463608406985709e-03 -3.430192890838199091e-03 1.269070395009630221e-03 9.107649784131278568e-04 -3.226581703708511235e-03 -7.246740759736414184e-03 -9.544134018403628572e-03 -7.237061131840683698e-03 -8.485595627432604426e-03 1.066536769150724061e-02 -6.076066418626148435e-02 3.964694215181035347e-02 5.812415470567740966e-02 -1.129403705675733754e-01
-5.623306646373652309e-03 -5.959555385421548904e-03 5.545014111926689290e-03 -4.710708700949277003e-03 3.585440808301317873e-03 1.378011835907855904e-03 -3.857920433047799802e-03 1.837980815898079042e-03 8.390487890188324388e-03 2.273894019325348528e-02 -6.463213065222840614e-02 -2.472187248342653035e-02 2.387642609121745918e-01 -1.252346420562667484e-01
-2.284093281303987977e-03 -3.559469535460578222e-03 4.388375246406023104e-03 -4.879820326854418522e-03 5.229503438221122513e-03 5.670317603225572163e-03 2.335730455454199800e-03 6.114098788824747811e-03 1.270678708443114154e-02 6.109156564227674266e-03 5.084126975367870421e-02 -9.865701460235937192e-02 2.085258306474178647e-01 -1.798072375935581002e-01
1.043813987310280396e-03 4.286940356477718969e-05 9.552795234983333999e-04 -1.887053241699004642e-03 2.879622433534994447e-03 4.654125868282686478e-03 4.665830337515347419e-03 4.843380113358520048e-03 6.956092958821672757e-03 -2.227207049967793069e-03 1.769302259284132317e-01 -1.350468398820634242e-01 5.194745816453444354e-02 -1.351875478908965214e-02
2.091251731836499955e-03 1.854021538490277510e-03 -1.403152211131061811e-03 8.435387317999726298e-04 -1.565001533197080130e-04 1.185922972692557420e-03 2.950203181665556063e-03 1.082802038354542529e-03 -4.411672650371789572e-04 -2.491974098277856264e-02 1.128877506311970341e-01 -1.529892103399252135e-01 -1.185887784380501575e-01 7.289825164325600682e-01
1.074161427023122284e-03 1.435018177192541600e-03 -1.635158965230178174e-03 1.725998800850787884e-03 -1.767416714578369519e-03 -1.776633600815022418e-03 -4.738953591254813080e-04 -1.922434124120381282e-03 -4.305691170382736077e-03 2.011050090131898394e-01 -5.351073723634877655e-02 1.880040881875537084e-01 -4.358079719385081763e-01 4.388752264101473122e-01
-3.611991591216891142e-04 1.874534222374153562e-04 -7.239062355930076312e-04 1.232906861472239657e-03 -1.796249456638831545e-03 -2.839307396974221839e-03 -2.792810165675230216e-03 -2.934599773825048719e-03 -3.693552256844744378e-03 4.687285580705958798e-01 -5.524444605381821916e-01 5.673579175416078035e-01 3.946301039140012040e-02 -2.709282140729644267e-02
-7.073540789400822176e-04 -3.772051291493633274e-04 2.519523300615819639e-06 3.898272669107007149e-04 -8.513067874279627023e-04 -1.742305777180416793e-03 -2.207194870604355097e-03 -2.111270798845706759e-03 -7.449100381501372325e-04 -7.674164062637940376e-01 -6.110984145581497273e-01 3.043446560548906943e-02 -3.350899534462499496e-03 1.159750294200688203e-01
