9.981115920267658037e-01
1.884711082390710425e-03
3.689385088264613411e-06
7.489944995916765418e-09
1.577581069737287236e-11
3.448430036540384611e-14
1.202323926430215386e-16
8.868133810918015779e-17
6.848170565137495453e-17
6.191633426201056276e-17
2.381749708959075246e-17
5.707111105877872613e-18
1.722787223925606065e-18
5.892749110844041415e-19
5.784895489847190487e-19
2.079596602647742472e-20
1.306247587539123365e-20
1.579768858107933149e-22
6.174523537998386259e-23
9.074809252598479084e-24
5.149503586425150163e-24
1.230088564469395881e-24
1.780388252412346006e-25
6.251691238175898267e-26
4.185561457171284444e-26
2.219040471222874916e-26
-3.595174736052796126e-26
-1.752795337115141732e-25
-2.704356293729789693e-25
-1.609343325327183626e-24
-2.565425279880585436e-24
-1.675617589814759638e-23
-2.691918137223056475e-22
-1.545214331852585225e-21
-8.369360544003300249e-21
-8.866696289844516359e-20
-1.759237890224706211e-19
-1.098012993747206954e-18
-1.504681144212808017e-18
-7.899688230589420679e-18
-1.892943747450644353e-17
-5.551217019445403321e-17
-8.147536392173812885e-17
-1.470898471366467895e-16
